[gd_scene load_steps=3 format=2]

[ext_resource path="res://models/blockers/antitank.dae" type="PackedScene" id=1]

[sub_resource type="BoxShape" id=1]
extents = Vector3( 0.5, 5.36, 0.42 )

[node name="antitank" type="Spatial"]

[node name="body" type="StaticBody" parent="."]

[node name="CollisionShape" type="CollisionShape" parent="body"]
transform = Transform( 0.771625, -0.621669, -0.134621, 0.464648, 0.69543, -0.54816, 0.434393, 0.360423, 0.825468, 0, 2.16606, 0 )
shape = SubResource( 1 )

[node name="CollisionShape2" type="CollisionShape" parent="body"]
transform = Transform( 0.445712, 0.324229, 0.834396, 0.475284, 0.70416, -0.527506, -0.758581, 0.631691, 0.159752, 0, 2.16606, 0.266864 )
shape = SubResource( 1 )

[node name="CollisionShape3" type="CollisionShape" parent="body"]
transform = Transform( -0.838554, 0.181052, -0.513856, 0.475284, 0.70416, -0.527506, 0.266331, -0.68657, -0.676528, -0.226925, 2.16606, 0.682933 )
shape = SubResource( 1 )

[node name="body" parent="body" instance=ExtResource( 1 )]
