[gd_scene load_steps=13 format=2]

[ext_resource path="res://models/caterpillar/body.material" type="Material" id=1]
[ext_resource path="res://models/caterpillar/light.material" type="Material" id=2]

[sub_resource type="SphereMesh" id=1]
material = ExtResource( 1 )
radius = 0.8
height = 1.6
radial_segments = 16
rings = 8

[sub_resource type="CylinderMesh" id=2]
material = ExtResource( 1 )
top_radius = 0.05
bottom_radius = 0.05
height = 0.39
radial_segments = 8
rings = 2

[sub_resource type="SphereMesh" id=9]
material = ExtResource( 2 )
radius = 0.2
height = 0.4
radial_segments = 8
rings = 4

[sub_resource type="SphereMesh" id=3]
material = ExtResource( 1 )
radius = 0.2
height = 0.4
radial_segments = 8
rings = 4

[sub_resource type="Gradient" id=4]
offsets = PoolRealArray( 0.426829, 0.479675, 0.548781 )
colors = PoolColorArray( 0.722656, 0.934998, 1, 1, 0.34375, 0.00134277, 0.282224, 1, 0.722656, 0.934998, 1, 1 )

[sub_resource type="GradientTexture" id=5]
gradient = SubResource( 4 )

[sub_resource type="SpatialMaterial" id=6]
albedo_color = Color( 0.831373, 0.960784, 0.960784, 1 )
albedo_texture = SubResource( 5 )

[sub_resource type="SphereMesh" id=7]
material = SubResource( 6 )
radius = 0.2
height = 0.4
radial_segments = 8
rings = 4

[sub_resource type="CapsuleMesh" id=8]
material = ExtResource( 1 )
radius = 0.29
mid_height = 0.2
radial_segments = 8
rings = 4

[sub_resource type="SphereMesh" id=10]
material = ExtResource( 1 )
radius = 0.15
height = 0.4
radial_segments = 8
rings = 4

[node name="head" type="CSGMesh"]
transform = Transform( 1, 0, 0, 0, 1, 0, 0, 0, 1, 0, 0.1, 0 )
mesh = SubResource( 1 )

[node name="czulko_prawe" type="MeshInstance" parent="."]
transform = Transform( 0.965926, 0.258819, 0, -0.24723, 0.922674, 0.295887, 0.0765813, -0.285805, 0.955223, 0.285072, 0.903458, -0.221061 )
mesh = SubResource( 2 )
material/0 = null

[node name="czulko_prawe2" type="MeshInstance" parent="czulko_prawe"]
transform = Transform( 0.926263, 0.359398, 0.113444, -0.362646, 0.931887, 0.00869402, -0.102593, -0.049193, 0.993506, 0.0629325, 0.362737, -0.0120864 )
mesh = SubResource( 2 )
material/0 = null

[node name="czulko_prawe3" type="MeshInstance" parent="czulko_prawe/czulko_prawe2"]
transform = Transform( 0.782747, 0.517918, -0.345062, 0.580334, -0.407191, 0.705273, 0.224768, -0.752301, -0.619292, 0.0817485, 0.115696, -0.142217 )
mesh = SubResource( 2 )
material/0 = null

[node name="MeshInstance" type="MeshInstance" parent="czulko_prawe/czulko_prawe2/czulko_prawe3"]
transform = Transform( 1, 7.45058e-09, 5.21541e-08, 3.72529e-09, 1, 3.8743e-07, 0, 0, 0.999999, -0.0321624, 0.335516, 0.0201041 )
mesh = SubResource( 9 )
material/0 = null

[node name="czulko_prawe2" type="MeshInstance" parent="."]
transform = Transform( 0.358406, -0.389569, 0.848399, 0.176081, 0.92067, 0.34837, -0.91681, 0.0245288, 0.39857, -0.36845, 0.876489, -0.118609 )
mesh = SubResource( 2 )
material/0 = null

[node name="czulko_prawe2" type="MeshInstance" parent="czulko_prawe2"]
transform = Transform( 0.926263, 0.359398, 0.113444, -0.362646, 0.931887, 0.00869402, -0.102593, -0.049193, 0.993506, 0.0629325, 0.362737, -0.0120864 )
mesh = SubResource( 2 )
material/0 = null

[node name="czulko_prawe3" type="MeshInstance" parent="czulko_prawe2/czulko_prawe2"]
transform = Transform( 0.782747, 0.517918, -0.345062, 0.580334, -0.407191, 0.705273, 0.224768, -0.752301, -0.619292, 0.0817485, 0.115696, -0.142217 )
mesh = SubResource( 2 )
material/0 = null

[node name="MeshInstance" type="MeshInstance" parent="czulko_prawe2/czulko_prawe2/czulko_prawe3"]
transform = Transform( 1, 7.45058e-09, 5.21541e-08, 3.72529e-09, 1, 3.8743e-07, 0, 0, 0.999999, -0.0321624, 0.335516, 0.0201041 )
mesh = SubResource( 9 )
material/0 = null

[node name="eye1" type="CSGMesh" parent="."]
transform = Transform( 1, 0, 0, 0, 1, 0, 0, 0, 1, 0.2, 0.486, -0.464 )
operation = 2
mesh = SubResource( 3 )

[node name="eye" type="MeshInstance" parent="eye1"]
transform = Transform( 1, 0, 0, 0, 1, 0, 0, 0, 1, 0.0106174, -0.0778232, 0.0816079 )
mesh = SubResource( 7 )
material/0 = null

[node name="eye2" type="CSGMesh" parent="."]
transform = Transform( 1, 0, 0, 0, 1, 0, 0, 0, 1, -0.2, 0.486, -0.464 )
operation = 2
mesh = SubResource( 3 )

[node name="eye" type="MeshInstance" parent="eye2"]
transform = Transform( 1, 0, 0, 0, 1, 0, 0, 0, 1, 0.0106174, -0.0778232, 0.0816079 )
mesh = SubResource( 7 )
material/0 = null

[node name="nose" type="CSGMesh" parent="."]
transform = Transform( 1, 0, 0, 0, 0.573576, 0.819152, 0, -0.819152, 0.573576, 0, 0.0483484, -0.633625 )
mesh = SubResource( 8 )

[node name="CSGMesh" type="CSGMesh" parent="nose"]
transform = Transform( 1, 0, 0, 0, 1, 0, 0, 0, 1, -0.178782, 0.0461146, -0.277377 )
operation = 2
mesh = SubResource( 10 )

[node name="CSGMesh2" type="CSGMesh" parent="nose"]
transform = Transform( 1, 0, 0, 0, 1, 0, 0, 0, 1, 0.15573, 0.0461146, -0.277377 )
operation = 2
mesh = SubResource( 10 )
